slice_times=[852.49999998 
0.00000000
902.50000000
49.99999999
952.49999998
99.99999998
1002.50000000
149.99999999
1052.49999999
199.99999998
1102.49999998
252.50000000
1152.50000000
302.49999999
1202.49999998
352.49999998
1252.50000000
402.50000000
1302.49999999
452.49999998
1352.49999998
502.50000000
1402.50000000
552.49999999
1452.49999998
602.49999998
1502.50000000
652.50000000
1552.49999999
702.49999998
1602.49999998
752.50000000
1655.00000000
802.49999999 ] ./1000;
